{
 "cells": [
  {
   "cell_type": "code",
   "execution_count": 1,
   "id": "eab6f8e4-2f34-493e-927c-00cf13481321",
   "metadata": {},
   "outputs": [
    {
     "data": {
      "text/html": [
       "<div>\n",
       "<style scoped>\n",
       "    .dataframe tbody tr th:only-of-type {\n",
       "        vertical-align: middle;\n",
       "    }\n",
       "\n",
       "    .dataframe tbody tr th {\n",
       "        vertical-align: top;\n",
       "    }\n",
       "\n",
       "    .dataframe thead th {\n",
       "        text-align: right;\n",
       "    }\n",
       "</style>\n",
       "<table border=\"1\" class=\"dataframe\">\n",
       "  <thead>\n",
       "    <tr style=\"text-align: right;\">\n",
       "      <th></th>\n",
       "      <th>Date</th>\n",
       "      <th>Open</th>\n",
       "      <th>High</th>\n",
       "      <th>Low</th>\n",
       "      <th>Close</th>\n",
       "      <th>Volume</th>\n",
       "    </tr>\n",
       "  </thead>\n",
       "  <tbody>\n",
       "    <tr>\n",
       "      <th>0</th>\n",
       "      <td>01/30/2024</td>\n",
       "      <td>190.94</td>\n",
       "      <td>191.80</td>\n",
       "      <td>187.47</td>\n",
       "      <td>188.04</td>\n",
       "      <td>55,859,367</td>\n",
       "    </tr>\n",
       "    <tr>\n",
       "      <th>1</th>\n",
       "      <td>01/29/2024</td>\n",
       "      <td>192.01</td>\n",
       "      <td>192.20</td>\n",
       "      <td>189.58</td>\n",
       "      <td>191.73</td>\n",
       "      <td>47,145,621</td>\n",
       "    </tr>\n",
       "    <tr>\n",
       "      <th>2</th>\n",
       "      <td>01/26/2024</td>\n",
       "      <td>194.27</td>\n",
       "      <td>194.76</td>\n",
       "      <td>191.94</td>\n",
       "      <td>192.42</td>\n",
       "      <td>44,594,008</td>\n",
       "    </tr>\n",
       "    <tr>\n",
       "      <th>3</th>\n",
       "      <td>01/25/2024</td>\n",
       "      <td>195.22</td>\n",
       "      <td>196.27</td>\n",
       "      <td>193.11</td>\n",
       "      <td>194.17</td>\n",
       "      <td>54,822,129</td>\n",
       "    </tr>\n",
       "    <tr>\n",
       "      <th>4</th>\n",
       "      <td>01/24/2024</td>\n",
       "      <td>195.42</td>\n",
       "      <td>196.38</td>\n",
       "      <td>194.34</td>\n",
       "      <td>194.50</td>\n",
       "      <td>53,631,320</td>\n",
       "    </tr>\n",
       "  </tbody>\n",
       "</table>\n",
       "</div>"
      ],
      "text/plain": [
       "         Date    Open    High     Low   Close      Volume\n",
       "0  01/30/2024  190.94  191.80  187.47  188.04  55,859,367\n",
       "1  01/29/2024  192.01  192.20  189.58  191.73  47,145,621\n",
       "2  01/26/2024  194.27  194.76  191.94  192.42  44,594,008\n",
       "3  01/25/2024  195.22  196.27  193.11  194.17  54,822,129\n",
       "4  01/24/2024  195.42  196.38  194.34  194.50  53,631,320"
      ]
     },
     "execution_count": 1,
     "metadata": {},
     "output_type": "execute_result"
    }
   ],
   "source": [
    "# import required libraries\n",
    "import pandas as pd\n",
    "import numpy as np\n",
    "\n",
    "# load and read dataset\n",
    "dataset = pd.read_csv('stock_data.csv')\n",
    "dataset.head()"
   ]
  },
  {
   "cell_type": "code",
   "execution_count": 2,
   "id": "9f9b6516-8c30-44c8-971f-796f4d39d8fb",
   "metadata": {},
   "outputs": [
    {
     "data": {
      "text/plain": [
       "252"
      ]
     },
     "execution_count": 2,
     "metadata": {},
     "output_type": "execute_result"
    }
   ],
   "source": [
    "# find numbe of instances\n",
    "len(dataset)"
   ]
  },
  {
   "cell_type": "code",
   "execution_count": 3,
   "id": "e0fc5347-66a1-499c-adaf-e668d8e03dac",
   "metadata": {},
   "outputs": [
    {
     "data": {
      "text/plain": [
       "Index(['Date', 'Open', 'High', 'Low', 'Close', 'Volume'], dtype='object')"
      ]
     },
     "execution_count": 3,
     "metadata": {},
     "output_type": "execute_result"
    }
   ],
   "source": [
    "# show columns\n",
    "dataset.columns"
   ]
  },
  {
   "cell_type": "code",
   "execution_count": 12,
   "id": "ef14831d-41f8-4388-b8ff-53c615d9abac",
   "metadata": {},
   "outputs": [
    {
     "data": {
      "text/html": [
       "<div>\n",
       "<style scoped>\n",
       "    .dataframe tbody tr th:only-of-type {\n",
       "        vertical-align: middle;\n",
       "    }\n",
       "\n",
       "    .dataframe tbody tr th {\n",
       "        vertical-align: top;\n",
       "    }\n",
       "\n",
       "    .dataframe thead th {\n",
       "        text-align: right;\n",
       "    }\n",
       "</style>\n",
       "<table border=\"1\" class=\"dataframe\">\n",
       "  <thead>\n",
       "    <tr style=\"text-align: right;\">\n",
       "      <th></th>\n",
       "      <th>Date</th>\n",
       "      <th>Open</th>\n",
       "      <th>High</th>\n",
       "      <th>Low</th>\n",
       "      <th>Close</th>\n",
       "      <th>Volume</th>\n",
       "    </tr>\n",
       "  </thead>\n",
       "  <tbody>\n",
       "    <tr>\n",
       "      <th>0</th>\n",
       "      <td>2024-01-30</td>\n",
       "      <td>190.94</td>\n",
       "      <td>191.80</td>\n",
       "      <td>187.47</td>\n",
       "      <td>188.04</td>\n",
       "      <td>55,859,367</td>\n",
       "    </tr>\n",
       "    <tr>\n",
       "      <th>1</th>\n",
       "      <td>2024-01-29</td>\n",
       "      <td>192.01</td>\n",
       "      <td>192.20</td>\n",
       "      <td>189.58</td>\n",
       "      <td>191.73</td>\n",
       "      <td>47,145,621</td>\n",
       "    </tr>\n",
       "    <tr>\n",
       "      <th>2</th>\n",
       "      <td>2024-01-26</td>\n",
       "      <td>194.27</td>\n",
       "      <td>194.76</td>\n",
       "      <td>191.94</td>\n",
       "      <td>192.42</td>\n",
       "      <td>44,594,008</td>\n",
       "    </tr>\n",
       "    <tr>\n",
       "      <th>3</th>\n",
       "      <td>2024-01-25</td>\n",
       "      <td>195.22</td>\n",
       "      <td>196.27</td>\n",
       "      <td>193.11</td>\n",
       "      <td>194.17</td>\n",
       "      <td>54,822,129</td>\n",
       "    </tr>\n",
       "    <tr>\n",
       "      <th>4</th>\n",
       "      <td>2024-01-24</td>\n",
       "      <td>195.42</td>\n",
       "      <td>196.38</td>\n",
       "      <td>194.34</td>\n",
       "      <td>194.50</td>\n",
       "      <td>53,631,320</td>\n",
       "    </tr>\n",
       "  </tbody>\n",
       "</table>\n",
       "</div>"
      ],
      "text/plain": [
       "        Date    Open    High     Low   Close      Volume\n",
       "0 2024-01-30  190.94  191.80  187.47  188.04  55,859,367\n",
       "1 2024-01-29  192.01  192.20  189.58  191.73  47,145,621\n",
       "2 2024-01-26  194.27  194.76  191.94  192.42  44,594,008\n",
       "3 2024-01-25  195.22  196.27  193.11  194.17  54,822,129\n",
       "4 2024-01-24  195.42  196.38  194.34  194.50  53,631,320"
      ]
     },
     "execution_count": 12,
     "metadata": {},
     "output_type": "execute_result"
    }
   ],
   "source": [
    "# convert date column into date format\n",
    "from datetime import datetime\n",
    "dataset['Date'] = dataset['Date'].apply(lambda x: datetime.strptime(x, '%m/%d/%Y'))\n",
    "dataset.head()"
   ]
  },
  {
   "cell_type": "code",
   "execution_count": 13,
   "id": "6816f034-50ef-4ea5-8e31-04ae11916ba5",
   "metadata": {},
   "outputs": [
    {
     "data": {
      "text/html": [
       "<div>\n",
       "<style scoped>\n",
       "    .dataframe tbody tr th:only-of-type {\n",
       "        vertical-align: middle;\n",
       "    }\n",
       "\n",
       "    .dataframe tbody tr th {\n",
       "        vertical-align: top;\n",
       "    }\n",
       "\n",
       "    .dataframe thead th {\n",
       "        text-align: right;\n",
       "    }\n",
       "</style>\n",
       "<table border=\"1\" class=\"dataframe\">\n",
       "  <thead>\n",
       "    <tr style=\"text-align: right;\">\n",
       "      <th></th>\n",
       "      <th>Open</th>\n",
       "      <th>High</th>\n",
       "      <th>Low</th>\n",
       "      <th>Close</th>\n",
       "      <th>Volume</th>\n",
       "    </tr>\n",
       "    <tr>\n",
       "      <th>Date</th>\n",
       "      <th></th>\n",
       "      <th></th>\n",
       "      <th></th>\n",
       "      <th></th>\n",
       "      <th></th>\n",
       "    </tr>\n",
       "  </thead>\n",
       "  <tbody>\n",
       "    <tr>\n",
       "      <th>2024-01-30</th>\n",
       "      <td>190.94</td>\n",
       "      <td>191.80</td>\n",
       "      <td>187.47</td>\n",
       "      <td>188.04</td>\n",
       "      <td>55,859,367</td>\n",
       "    </tr>\n",
       "    <tr>\n",
       "      <th>2024-01-29</th>\n",
       "      <td>192.01</td>\n",
       "      <td>192.20</td>\n",
       "      <td>189.58</td>\n",
       "      <td>191.73</td>\n",
       "      <td>47,145,621</td>\n",
       "    </tr>\n",
       "    <tr>\n",
       "      <th>2024-01-26</th>\n",
       "      <td>194.27</td>\n",
       "      <td>194.76</td>\n",
       "      <td>191.94</td>\n",
       "      <td>192.42</td>\n",
       "      <td>44,594,008</td>\n",
       "    </tr>\n",
       "    <tr>\n",
       "      <th>2024-01-25</th>\n",
       "      <td>195.22</td>\n",
       "      <td>196.27</td>\n",
       "      <td>193.11</td>\n",
       "      <td>194.17</td>\n",
       "      <td>54,822,129</td>\n",
       "    </tr>\n",
       "    <tr>\n",
       "      <th>2024-01-24</th>\n",
       "      <td>195.42</td>\n",
       "      <td>196.38</td>\n",
       "      <td>194.34</td>\n",
       "      <td>194.50</td>\n",
       "      <td>53,631,320</td>\n",
       "    </tr>\n",
       "  </tbody>\n",
       "</table>\n",
       "</div>"
      ],
      "text/plain": [
       "              Open    High     Low   Close      Volume\n",
       "Date                                                  \n",
       "2024-01-30  190.94  191.80  187.47  188.04  55,859,367\n",
       "2024-01-29  192.01  192.20  189.58  191.73  47,145,621\n",
       "2024-01-26  194.27  194.76  191.94  192.42  44,594,008\n",
       "2024-01-25  195.22  196.27  193.11  194.17  54,822,129\n",
       "2024-01-24  195.42  196.38  194.34  194.50  53,631,320"
      ]
     },
     "execution_count": 13,
     "metadata": {},
     "output_type": "execute_result"
    }
   ],
   "source": [
    "# now set date column as index\n",
    "dataset.set_index('Date', inplace = True)\n",
    "dataset.head()"
   ]
  },
  {
   "cell_type": "code",
   "execution_count": 14,
   "id": "49456f87-765b-4c5a-b526-5739af2b745c",
   "metadata": {},
   "outputs": [
    {
     "data": {
      "text/html": [
       "<div>\n",
       "<style scoped>\n",
       "    .dataframe tbody tr th:only-of-type {\n",
       "        vertical-align: middle;\n",
       "    }\n",
       "\n",
       "    .dataframe tbody tr th {\n",
       "        vertical-align: top;\n",
       "    }\n",
       "\n",
       "    .dataframe thead th {\n",
       "        text-align: right;\n",
       "    }\n",
       "</style>\n",
       "<table border=\"1\" class=\"dataframe\">\n",
       "  <thead>\n",
       "    <tr style=\"text-align: right;\">\n",
       "      <th></th>\n",
       "      <th>Open</th>\n",
       "      <th>High</th>\n",
       "      <th>Low</th>\n",
       "      <th>Close</th>\n",
       "      <th>Volume</th>\n",
       "    </tr>\n",
       "  </thead>\n",
       "  <tbody>\n",
       "    <tr>\n",
       "      <th>2024-01-30</th>\n",
       "      <td>190.94</td>\n",
       "      <td>191.80</td>\n",
       "      <td>187.47</td>\n",
       "      <td>188.04</td>\n",
       "      <td>55,859,367</td>\n",
       "    </tr>\n",
       "    <tr>\n",
       "      <th>2024-01-29</th>\n",
       "      <td>192.01</td>\n",
       "      <td>192.20</td>\n",
       "      <td>189.58</td>\n",
       "      <td>191.73</td>\n",
       "      <td>47,145,621</td>\n",
       "    </tr>\n",
       "    <tr>\n",
       "      <th>2024-01-26</th>\n",
       "      <td>194.27</td>\n",
       "      <td>194.76</td>\n",
       "      <td>191.94</td>\n",
       "      <td>192.42</td>\n",
       "      <td>44,594,008</td>\n",
       "    </tr>\n",
       "    <tr>\n",
       "      <th>2024-01-25</th>\n",
       "      <td>195.22</td>\n",
       "      <td>196.27</td>\n",
       "      <td>193.11</td>\n",
       "      <td>194.17</td>\n",
       "      <td>54,822,129</td>\n",
       "    </tr>\n",
       "    <tr>\n",
       "      <th>2024-01-24</th>\n",
       "      <td>195.42</td>\n",
       "      <td>196.38</td>\n",
       "      <td>194.34</td>\n",
       "      <td>194.50</td>\n",
       "      <td>53,631,320</td>\n",
       "    </tr>\n",
       "  </tbody>\n",
       "</table>\n",
       "</div>"
      ],
      "text/plain": [
       "              Open    High     Low   Close      Volume\n",
       "2024-01-30  190.94  191.80  187.47  188.04  55,859,367\n",
       "2024-01-29  192.01  192.20  189.58  191.73  47,145,621\n",
       "2024-01-26  194.27  194.76  191.94  192.42  44,594,008\n",
       "2024-01-25  195.22  196.27  193.11  194.17  54,822,129\n",
       "2024-01-24  195.42  196.38  194.34  194.50  53,631,320"
      ]
     },
     "execution_count": 14,
     "metadata": {},
     "output_type": "execute_result"
    }
   ],
   "source": [
    "# remove index label from first row\n",
    "dataset.index.name = None\n",
    "dataset.head()"
   ]
  },
  {
   "cell_type": "code",
   "execution_count": null,
   "id": "c8a0d8eb-758b-4074-8429-912b0a7312ba",
   "metadata": {},
   "outputs": [],
   "source": []
  }
 ],
 "metadata": {
  "kernelspec": {
   "display_name": "Python 3 (ipykernel)",
   "language": "python",
   "name": "python3"
  },
  "language_info": {
   "codemirror_mode": {
    "name": "ipython",
    "version": 3
   },
   "file_extension": ".py",
   "mimetype": "text/x-python",
   "name": "python",
   "nbconvert_exporter": "python",
   "pygments_lexer": "ipython3",
   "version": "3.11.4"
  }
 },
 "nbformat": 4,
 "nbformat_minor": 5
}
